0 0.11797752808988765 0.3796791443850267 0.06966292134831462 0.053475935828877004
0 0.2910112359550562 0.36809269162210334 0.11011235955056181 0.0659536541889483
0 0.47415730337078654 0.35026737967914434 0.1662921348314607 0.1016042780748663
0 0.6977528089887641 0.34670231729055256 0.12359550561797754 0.0909090909090909
0 0.8865168539325844 0.39483065953654184 0.22247191011235956 0.25133689839572193
0 0.17865168539325843 0.5570409982174688 0.0651685393258427 0.08021390374331551
0 0.37415730337078656 0.5632798573975044 0.06067415730337079 0.09982174688057041
0 0.302247191011236 0.6479500891265597 0.07865168539325844 0.0516934046345811
0 0.36966292134831463 0.7638146167557932 0.07415730337078652 0.062388591800356503
0 0.7842696629213484 0.783422459893048 0.40449438202247195 0.06951871657754011
0 0.5314606741573035 0.6354723707664883 0.11460674157303372 0.0766488413547237
0 0.6112359550561798 0.5303030303030303 0.040449438202247195 0.1764705882352941