0 0.03161764705882353 0.7817460317460317 0.06323529411764706 0.11904761904761904
0 0.1161764705882353 0.6746031746031745 0.05 0.05555555555555555
0 0.15073529411764705 0.5694444444444444 0.057352941176470586 0.0873015873015873
0 0.23823529411764705 0.4722222222222222 0.08529411764705883 0.11507936507936507
0 0.2867647058823529 0.628968253968254 0.05 0.05555555555555555
0 0.31838235294117645 0.5694444444444444 0.060294117647058824 0.06349206349206349
0 0.3698529411764706 0.47817460317460314 0.03676470588235294 0.07142857142857142
0 0.44485294117647056 0.45337301587301587 0.04852941176470588 0.06944444444444445
0 0.4963235294117647 0.39384920634920634 0.03676470588235294 0.037698412698412696
0 0.4823529411764706 0.14186507936507936 0.026470588235294117 0.017857142857142856
0 0.3639705882352941 0.20436507936507936 0.027941176470588233 0.023809523809523808
0 0.18823529411764706 0.800595238095238 0.032352941176470584 0.0496031746031746
0 0.010294117647058823 0.9037698412698412 0.020588235294117647 0.03373015873015873
0 0.011764705882352941 0.9821428571428571 0.023529411764705882 0.031746031746031744