0 0.8478260869565217 0.8043478260869564 0.05797101449275362 0.15527950310559005
0 0.7584541062801932 0.19875776397515527 0.19806763285024154 0.08074534161490683
0 0.35990338164251207 0.2950310559006211 0.05797101449275362 0.040372670807453416
0 0.28502415458937197 0.39518633540372666 0.02898550724637681 0.04503105590062111
0 0.34782608695652173 0.4697204968944099 0.05314009661835749 0.02950310559006211
0 0.21739130434782608 0.8291925465838509 0.033816425120772944 0.09316770186335403
0 0.15096618357487923 0.8796583850931676 0.03140096618357488 0.07298136645962733
0 0.34903381642512077 0.8664596273291925 0.05072463768115942 0.024844720496894408
0 0.35144927536231885 0.7934782608695652 0.041062801932367145 0.018633540372670808
0 0.286231884057971 0.6801242236024845 0.026570048309178744 0.03105590062111801
0 0.7222222222222222 0.6133540372670807 0.04830917874396135 0.03416149068322981
0 0.5785024154589372 0.8649068322981366 0.03140096618357488 0.021739130434782608
0 0.5881642512077294 0.9720496894409937 0.03140096618357488 0.018633540372670808
0 0.33695652173913043 0.686335403726708 0.021739130434782608 0.024844720496894408