0 0.5278947368421053 0.28898426323319026 0.09368421052631579 0.10300429184549356
0 0.4189473684210526 0.376967095851216 0.06315789473684211 0.09298998569384835
0 0.6057894736842105 0.4520743919885551 0.022105263157894735 0.08869814020028613
0 0.6468421052631579 0.43276108726752505 0.028421052631578948 0.06723891273247497
0 0.5136842105263157 0.4699570815450644 0.02526315789473684 0.0844062947067239
0 0.47368421052631576 0.4871244635193133 0.021052631578947368 0.07868383404864092
0 0.4378947368421052 0.5021459227467812 0.01894736842105263 0.07439198855507868
0 0.6105263157894737 0.6051502145922747 0.014736842105263158 0.09442060085836909
0 0.6094736842105263 0.771101573676681 0.023157894736842106 0.10014306151645208
0 0.4763157894736842 0.6387696709585121 0.02 0.0844062947067239
0 0.5178947368421053 0.6194563662374821 0.023157894736842106 0.08011444921316166
0 0.6521052631578947 0.5858369098712446 0.017894736842105262 0.0844062947067239